0.254,0.383,2,-8.036,1,0.0282,0.614, 0.0237,0.172,0.178,188.2,318240,3,Sad
0.346,0.691,6,-8.08,1,0.0334,0.109, 0.00104,0.106,0.433,111.348,235187,5,Sad
0.484,0.0874,0,-17.796,1,0.0394,0.894, 0.154,0.11,0.219,94.163,256120,4,Sad
0.209,0.418,3,-8.74,1,0.0338,0.163, 0.00195,0.113,0.123,138.265,295533,4,Sad
0.705,0.324,9,-11.217,1,0.0246,0.842, 0.00386,0.201,0.494,79.051,276867,4,Sad
0.387,0.182,1,-10.815,1,0.0311,0.86, 0.00255,0.0962,0.0929,121.903,162467,4,Sad
0.781,0.445,2,-6.061,1,0.0295,0.474, 0,0.184,0.591,78.998,281560,4,Sad
0.574,0.193,2,-12.703,1,0.0484,0.478, 0.0909,0.11,0.184,87.678,180067,4,Sad
0.616,0.587,5,-4.675,1,0.0262,0.328, 0.00000192,0.118,0.421,118.524,219563,4,Sad
0.613,0.138,8,-14.083,1,0.0394,0.877, 0.000954,0.0739,0.136,125.316,250912,4,Sad
0.605,0.226,2,-10.617,0,0.0347,0.715, 0.0001,0.35,0.142,122.713,243213,4,Sad
0.765,0.473,10,-5.829,1,0.0514,0.287, 0,0.391,0.34,119.992,237300,4,Sad
0.585,0.174,0,-14.266,1,0.0328,0.752, 0,0.0383,0.263,115.393,254093,4,Sad
0.66,0.479,9,-7.364,1,0.247,0.53, 0,0.102,0.471,80.027,269093,4,Sad
0.568,0.436,7,-6.676,1,0.0277,0.592, 0,0.105,0.225,149.989,207213,4,Sad
0.591,0.415,6,-6.936,1,0.0437,0.424, 0.000299,0.111,0.197,90.483,201072,4,Sad
0.441,0.212,4,-13.657,1,0.0287,0.556, 0.00000552,0.0578,0.124,65.311,202027,4,Sad
0.506,0.597,8,-7.336,1,0.0371,0.526, 0.000278,0.065,0.163,96.603,227360,4,Sad
0.471,0.431,5,-6.129,0,0.0342,0.329, 0,0.0854,0.289,157.98,295502,4,Sad
0.518,0.354,11,-9.141,1,0.029,0.764, 0.00055,0.114,0.315,137.749,219840,4,Sad
0.399,0.278,2,-11.147,1,0.0607,0.934, 0,0.785,0.355,172.576,268927,3,Sad
0.515,0.43,7,-9.935,1,0.0369,0.0102, 0.000141,0.129,0.104,91.841,238640,4,Sad
0.317,0.571,9,-7.669,1,0.0283,0.158, 0.00000295,0.0848,0.234,163.036,240120,3,Sad
0.414,0.161,7,-22.32,0,0.0318,0.883, 0.000223,0.117,0.423,159.375,199493,4,Sad
0.51,0.255,0,-15.903,1,0.0291,0.883, 0.55,0.0696,0.188,115.115,250280,3,Sad
0.489,0.357,6,-9.745,1,0.0259,0.641, 0.333,0.0838,0.0388,92.009,254427,4,Sad
0.363,0.355,7,-9.877,1,0.0457,0.371, 0.0000743,0.0814,0.19,180.364,266533,4,Sad
0.766,0.516,2,-7.809,0,0.0474,0.0606, 0.0000345,0.102,0.296,92.059,202893,4,Sad
0.52,0.652,5,-6.655,1,0.0274,0.34, 0.0000549,0.256,0.722,80.609,258787,4,Sad
0.603,0.438,7,-9.473,1,0.029,0.565, 0.00000209,0.111,0.302,129.902,327333,4,Sad
0.869,0.197,1,-15.668,1,0.0415,0.144, 0.773,0.0861,0.0598,103.985,269067,4,Sad
0.443,0.956,2,-6.198,1,0.0511,0.0000524, 0.825,0.135,0.909,146.754,206867,4,Sad
0.654,0.307,10,-9.25,1,0.0298,0.514, 0.00000158,0.0912,0.192,93.871,206027,3,Sad
0.407,0.424,0,-10.583,1,0.0318,0.0847, 0,0.234,0.404,113.311,349187,3,Sad
0.429,0.661,11,-7.227,1,0.0281,0.00239, 0.00013,0.234,0.285,173.365,266773,4,Sad
0.337,0.0535,9,-20.857,1,0.0419,0.918, 0.00366,0.12,0.175,129.674,163107,3,Sad
0.345,0.0581,3,-17.217,1,0.0374,0.976, 0.000366,0.103,0.304,174.117,189507,4,Sad
0.431,0.59,4,-6.362,1,0.0284,0.163, 0.0000111,0.0981,0.257,150.193,265333,4,Sad
0.438,0.606,7,-6.549,1,0.0305,0.3, 0.00000449,0.0754,0.266,133.822,240760,4,Sad
0.189,0.427,0,-9.08,1,0.0449,0.113, 0.0923,0.058,0.158,187.212,306600,3,Sad
0.319,0.309,9,-11.944,0,0.0257,0.822, 0.00000226,0.0893,0.339,143.075,238187,3,Sad
0.54,0.192,1,-10.072,1,0.0301,0.916, 0,0.0979,0.619,100.694,265000,4,Sad
0.605,0.704,5,-6.564,1,0.0476,0.241, 0,0.137,0.4,80.925,220413,4,Sad
0.512,0.428,4,-7.131,1,0.0293,0.502, 0,0.0852,0.13,95.336,241413,3,Sad
0.561,0.337,8,-9.272,1,0.0284,0.644, 0.0000879,0.67,0.273,109.373,267253,4,Sad
0.324,0.208,8,-8.848,1,0.0288,0.698, 0.0000289,0.11,0.193,166.366,245946,3,Sad
0.487,0.279,6,-11.586,0,0.0265,0.647, 0.00185,0.11,0.162,139.362,237027,4,Sad
0.346,0.139,0,-15.326,1,0.0321,0.913, 0.0000773,0.0934,0.116,136.168,217947,4,Sad
0.414,0.633,0,-5.295,1,0.0281,0.0795, 0.000128,0.458,0.347,83.819,234880,4,Sad
0.432,0.261,4,-12.591,1,0.0512,0.953, 0.00342,0.0903,0.273,89.567,258653,4,Sad
0.529,0.149,5,-15.795,1,0.0257,0.951, 0.0759,0.153,0.178,86.921,279413,4,Sad
0.469,0.335,10,-7.494,0,0.0291,0.794, 0.0000276,0.0931,0.158,75.108,256853,3,Sad
0.459,0.187,7,-9.326,1,0.0361,0.922, 0,0.0939,0.0625,96.983,266493,4,Sad
0.593,0.264,2,-14.535,1,0.0271,0.0138, 0.875,0.0816,0.207,68.492,212840,4,Sad
0.316,0.769,0,-5.283,0,0.0422,0.0142, 0,0.0928,0.127,122.507,321147,4,Sad
0.53,0.829,7,-7.014,1,0.0361,0.0537, 0.88,0.106,0.949,134.99,401440,4,Sad
0.268,0.406,5,-10.232,1,0.0276,0.0495, 0.0066,0.113,0.104,76.432,228533,4,Sad
0.608,0.393,7,-10.528,1,0.0314,0.85, 0.00000401,0.0985,0.217,88.906,207560,4,Sad
0.708,0.19,5,-16.578,1,0.0326,0.194, 0.226,0.0916,0.47,93.669,252493,4,Sad
0.546,0.485,2,-9.424,1,0.027,0.000128, 0.318,0.0939,0.106,109.913,295200,4,Sad
0.471,0.56,4,-8.533,1,0.0285,0.0102, 0,0.128,0.0723,83.025,232867,4,Sad
0.25,0.28,6,-10.334,1,0.0325,0.859, 0.0102,0.106,0.178,94.928,243533,4,Sad
0.273,0.539,0,-10.163,1,0.0288,0.00121, 0.000309,0.142,0.326,154.233,250440,4,Sad
0.344,0.687,3,-5.28,1,0.0311,0.0287, 0.00068,0.178,0.193,134.503,279373,4,Sad
0.554,0.321,9,-8.251,1,0.028,0.893, 0,0.0996,0.288,135.047,285240,4,Sad
0.639,0.456,6,-8.612,1,0.0391,0.141, 0,0.133,0.372,81.988,213013,4,Sad
0.556,0.595,9,-4.51,1,0.0275,0.214, 0.0000833,0.125,0.144,104.001,266347,4,Sad
0.691,0.375,0,-10.662,1,0.0309,0.407, 0.000131,0.0541,0.573,112.611,256413,4,Sad
0.341,0.177,0,-9.385,1,0.0339,0.898, 0.00006,0.103,0.158,102.334,255440,3,Sad
0.561,0.436,1,-8.375,1,0.0285,0.554, 0,0.217,0.308,96.032,273800,4,Sad
0.393,0.633,9,-4.769,1,0.0275,0.0339, 0,0.104,0.382,174.022,252440,4,Sad
0.514,0.292,9,-11.768,0,0.0291,0.827, 0.00223,0.0926,0.157,90.459,218587,4,Sad
0.425,0.651,10,-6.131,1,0.0287,0.105, 0,0.138,0.366,159.363,394173,4,Sad
0.65,0.465,5,-8.212,1,0.0346,0.428, 0.00000776,0.0964,0.234,176.046,261147,4,Sad
0.327,0.519,5,-6.985,1,0.0287,0.119, 0,0.184,0.146,164.24,394533,3,Sad
0.513,0.581,0,-5.805,1,0.0234,0.308, 0.000132,0.153,0.143,90.919,293173,4,Sad
0.625,0.426,2,-8.392,0,0.0271,0.413, 0,0.116,0.112,110.018,270333,4,Sad
0.557,0.527,8,-6.216,0,0.034,0.632, 0.000194,0.149,0.595,171.836,218907,4,Sad
0.378,0.232,7,-12.537,0,0.0313,0.796, 0,0.192,0.105,127.24,228627,4,Sad
0.653,0.429,11,-10.475,1,0.0296,0.0848, 0.0038,0.0692,0.625,146.071,274933,4,Sad
0.311,0.216,4,-12.555,1,0.0355,0.841, 0.00000531,0.0862,0.104,134.051,270760,4,Sad
0.677,0.592,1,-6.887,1,0.0452,0.454, 0,0.107,0.336,80.316,183670,4,Sad
0.519,0.458,6,-10.695,0,0.0333,0.672, 0,0.0841,0.278,133.801,244040,4,Sad
0.61,0.619,10,-7.341,1,0.0232,0.0884, 0.0084,0.0672,0.564,92.32,294507,4,Sad
0.559,0.51,5,-8.294,0,0.0247,0.288, 0.0000531,0.242,0.327,129.881,275267,4,Sad
0.485,0.539,4,-9.271,1,0.0274,0.0827, 0.000274,0.0784,0.397,108.355,265000,4,Sad
0.412,0.573,5,-3.906,0,0.0281,0.634, 0.00000222,0.106,0.0995,76.233,238560,4,Sad
0.655,0.255,3,-15.543,1,0.0429,0.85, 0.122,0.136,0.446,82.569,123173,4,Sad
0.476,0.764,9,-6.454,1,0.032,0.00325, 0.112,0.138,0.546,171.903,448307,4,Sad
0.537,0.11,2,-18.652,1,0.0328,0.939, 0.468,0.101,0.193,79.44,244440,4,Sad
0.615,0.836,7,-4.648,1,0.0419,0.0788, 0,0.62,0.877,123.005,243960,4,Sad
0.643,0.871,1,-2.734,0,0.118,0.491, 0,0.29,0.452,121.569,185187,4,Sad
0.63,0.223,6,-11.21,1,0.0265,0.686, 0,0.102,0.369,91.618,238733,4,Sad
0.59,0.26,4,-14.065,0,0.0484,0.85, 0.00000459,0.117,0.112,77.118,238520,4,Sad
0.371,0.24,7,-11.289,0,0.0319,0.856, 0.00000102,0.0577,0.286,75.405,218893,4,Sad
0.44,0.498,0,-9.788,1,0.0264,0.229, 0,0.173,0.157,77.368,305067,4,Sad
0.526,0.358,4,-7.239,0,0.0243,0.525, 0,0.0942,0.4,78.988,238027,3,Sad
0.562,0.493,10,-6.159,1,0.028,0.33, 0,0.0928,0.251,79.062,214320,4,Sad
0.514,0.539,5,-6.821,1,0.038,0.333, 0.00000485,0.0912,0.314,170.105,240040,4,Sad
0.379,0.29,4,-8.485,1,0.051,0.952, 0.00106,0.118,0.169,166.467,201080,4,Sad
0.469,0.969,0,-2.219,1,0.0589,0.009, 0.0000111,0.346,0.476,164.042,183507,4,Angry
0.554,0.949,2,-4.928,1,0.0787,0.000318, 0.0000998,0.2,0.233,129.984,374453,4,Angry
0.511,0.937,2,-5.116,0,0.115,0.0146, 0,0.304,0.484,163.141,265053,4,Angry
0.536,0.966,2,-2.037,0,0.137,0.00116, 0.00531,0.173,0.379,125.008,192008,4,Angry
0.434,0.768,4,-5.824,1,0.0375,0.00632, 0,0.0939,0.221,143.993,277360,4,Angry
0.345,0.926,3,-4.444,0,0.159,0.000246, 0.000487,0.14,0.214,154.892,227107,3,Angry
0.517,0.991,1,-3.833,1,0.0957,0.0000196, 0.000292,0.164,0.321,118.018,256873,4,Angry
0.457,0.878,9,-5.767,1,0.0682,0.000389, 0,0.307,0.245,164.941,202053,4,Angry
0.609,0.937,6,-2.912,1,0.0495,0.00324, 0.000294,0.129,0.493,95.961,252933,4,Angry
0.612,0.654,0,-5.455,1,0.0287,0.0136, 0.0000116,0.121,0.322,122.101,196253,4,Angry
0.49,0.833,6,-5.899,1,0.0487,0.0116, 0.000504,0.15,0.39,89.981,187347,4,Angry
0.486,0.904,6,-3.751,0,0.0638,0.0000343, 0.0000283,0.0947,0.786,173.734,198267,4,Angry
0.292,0.973,9,-2.958,1,0.161,0.0171, 0.00000242,0.902,0.378,136.797,278600,4,Angry
0.537,0.736,10,-4.721,0,0.0284,0.000659, 0.00281,0.15,0.227,113.933,257307,4,Angry
0.462,0.913,6,-3.55,1,0.0469,0.0000872, 0,0.181,0.498,94.998,223933,4,Angry
0.509,0.774,6,-4.054,1,0.0338,0.00189, 0.000549,0.143,0.0824,116.529,264707,4,Angry
0.396,0.905,2,-3.948,1,0.0467,0.00415, 0,0.42,0.514,151.503,199813,4,Angry
0.531,0.836,11,-5.204,0,0.101,0.00109, 0,0.0447,0.637,169.171,208693,4,Angry
0.51,0.881,5,-3.718,0,0.0332,0.00839, 0,0.122,0.385,100.002,191653,4,Angry
0.405,0.962,11,-4.894,1,0.0842,0.000213, 0.00000231,0.108,0.489,170.023,190133,4,Angry
0.552,0.988,1,-2.555,0,0.0787,0.000108, 0.309,0.846,0.619,139.941,229840,4,Angry
0.453,0.982,7,-3.477,1,0.0795,0.0000441, 0.0000504,0.358,0.424,114.5,228728,4,Angry
0.377,0.981,5,-3.091,1,0.0894,0.00009, 0.00119,0.351,0.472,172.068,205145,4,Angry
0.523,0.919,5,-3.771,1,0.0383,0.0000458, 0.0000045,0.168,0.385,110.017,194147,4,Angry
0.434,0.763,0,-4.123,1,0.0327,0.0283, 0,0.153,0.249,138.941,191907,4,Angry
0.519,0.892,11,-5.285,0,0.113,0.000456, 0.000525,0.572,0.559,174.027,190707,4,Angry
0.553,0.9,3,-4.556,0,0.0584,0.0113, 0,0.322,0.398,105.213,219000,4,Angry
0.496,0.863,9,-4.153,1,0.0381,0.0046, 0,0.639,0.243,110.018,185587,4,Angry
0.492,0.646,10,-5.334,0,0.0303,0.00136, 0.0000221,0.121,0.214,112.228,253933,4,Angry
0.655,0.885,7,-4.116,1,0.0438,0.00117, 0.000473,0.0448,0.938,100.088,189293,4,Angry
0.483,0.787,4,-5.01,0,0.0301,0.000703, 0.00000335,0.257,0.185,102.374,275173,4,Angry
0.432,0.922,8,-4.295,1,0.0803,0.000208, 0.00405,0.0929,0.389,140.012,229387,4,Angry
0.509,0.981,3,-4.428,0,0.141,0.000481, 0.00508,0.145,0.242,140.02,224427,4,Angry
0.447,0.773,7,-3.712,1,0.0321,0.00548, 0,0.168,0.142,139.986,265013,4,Angry
0.455,0.766,8,-3.801,1,0.0322,0.00199, 0,0.0955,0.444,163.861,221680,4,Angry
0.498,0.975,6,-4.372,1,0.074,0.000223, 0.00000228,0.0999,0.336,100.014,219720,4,Angry
0.493,0.841,6,-5.131,1,0.0399,0.00187, 0.000455,0.079,0.14,159.993,291480,4,Angry
0.274,0.652,5,-6.196,0,0.0625,0.00768, 0.0000642,0.108,0.1,173.009,288036,4,Angry
0.522,0.931,0,-4.32,0,0.0885,0.00159, 0,0.57,0.367,134.103,196373,4,Angry
0.414,0.921,7,-5.034,0,0.0533,0.000997, 0.00000731,0.201,0.256,158.631,239693,4,Angry
0.473,0.643,4,-4.67,1,0.0293,0.0134, 0,0.16,0.0781,82.95,232800,4,Angry
0.404,0.878,5,-4.657,1,0.0589,0.00836, 0,0.409,0.393,132.149,257453,4,Angry
0.553,0.977,9,-4.71,0,0.103,0.000833, 0.0635,0.0275,0.232,136.049,236293,4,Angry
0.531,0.979,11,-4.686,0,0.0663,0.00000766, 0.0196,0.0944,0.472,110.023,220413,4,Angry
0.475,0.941,6,-3.969,0,0.0493,0.000173, 0,0.0444,0.509,88.95,178853,4,Angry
0.361,0.98,3,-3.375,0,0.0979,0.000105, 0.00000284,0.0218,0.426,167.992,247613,4,Angry
0.389,0.964,1,-4.082,0,0.11,0.00282, 0,0.0777,0.358,170.08,218440,4,Angry
0.434,0.868,9,-3.503,1,0.0366,0.0199, 0,0.162,0.366,162.969,232813,5,Angry
0.453,0.982,7,-3.477,1,0.0795,0.0000441, 0.0000504,0.358,0.424,114.5,228728,4,Angry
0.526,0.975,1,-3.853,0,0.078,0.000404, 0.00000177,0.3,0.427,102.99,196893,4,Angry
0.48,0.975,10,-4.278,1,0.0446,0.000358, 0.0000408,0.0863,0.443,131.582,228912,4,Angry
0.553,0.853,8,-3.668,1,0.0339,0.000684, 0,0.126,0.506,122.023,231400,4,Angry
0.578,0.897,0,-3.906,1,0.0357,0.000666, 0,0.0924,0.737,115.491,193107,4,Angry
0.481,0.82,8,-3.508,1,0.031,0.00858, 0,0.0756,0.345,139.936,243000,4,Angry
0.548,0.911,10,-3.701,1,0.0397,0.000345, 0,0.23,0.654,128.036,173173,4,Angry
0.509,0.992,0,-3.099,0,0.0724,0.0000705, 0.158,0.35,0.479,119.957,182160,4,Angry
0.524,0.976,1,-3.751,1,0.0459,0.00357, 0,0.102,0.388,122.011,227187,4,Angry
0.433,0.914,11,-3.4,1,0.0985,0.00301, 0,0.296,0.635,163.759,230093,4,Angry
0.478,0.943,8,-3.498,1,0.0826,0.000494, 0.000012,0.128,0.439,95.032,220600,4,Angry
0.57,0.921,4,-3.892,0,0.0724,0.0127, 0,0.818,0.381,87.938,260787,4,Angry
0.438,0.935,9,-3.551,1,0.182,0.000248, 0,0.118,0.595,149.02,203160,4,Angry
0.391,0.963,10,-4.378,0,0.0773,0.0000586, 0.0689,0.14,0.364,167.065,200547,4,Angry
0.481,0.791,0,-5.456,0,0.0597,0.00315, 0.000112,0.124,0.287,153.026,273040,4,Angry
0.425,0.852,0,-5.977,1,0.0525,0.000028, 0.118,0.377,0.138,147.013,345529,4,Angry
0.563,0.86,8,-7.533,1,0.0621,0.00834, 0.0106,0.39,0.517,97.867,256240,4,Angry
0.567,0.946,2,-3.973,0,0.0935,0.00267, 0,0.0567,0.699,94.985,245573,4,Angry
0.497,0.982,8,-3.272,1,0.108,0.00000905, 0,0.0939,0.183,109.911,259960,4,Angry
0.529,0.967,1,-3.647,0,0.0508,0.114, 0,0.61,0.596,140.127,166373,4,Angry
0.48,0.692,5,-5.739,0,0.0271,0.00103, 0,0.41,0.351,149.856,258533,4,Angry
0.566,0.848,7,-4.103,1,0.0376,0.0201, 0,0.216,0.268,117.02,185760,4,Angry
0.416,0.741,7,-4.001,1,0.0335,0.00804, 0,0.273,0.286,160.515,202973,4,Angry
0.321,0.82,0,-4.459,0,0.0422,0.00305, 0,0.34,0.198,166.859,249320,4,Angry
0.409,0.761,2,-4.514,1,0.031,0.0175, 0,0.114,0.271,155.901,221093,4,Angry
0.429,0.889,6,-3.855,1,0.0786,0.00238, 0,0.13,0.284,95.07,214787,3,Angry
0.289,0.955,0,-2.76,0,0.0966,0.0000168, 0.0000357,0.152,0.252,163.947,228213,4,Angry
0.407,0.896,6,-2.935,1,0.063,0.012, 0,0.196,0.156,138.697,243573,3,Angry
0.484,0.932,5,-4.454,1,0.0619,0.00249, 0.00000362,0.211,0.346,140.996,211187,4,Angry
0.468,0.962,4,-2.867,0,0.0904,0.00169, 0.00476,0.11,0.245,77,247400,4,Angry
0.644,0.946,4,-2.486,1,0.0669,0.000308, 0.0969,0.0226,0.85,132.973,180560,4,Angry
0.457,0.922,10,-4.344,0,0.056,0.000142, 0.00000281,0.0777,0.386,97.009,217160,4,Angry
0.548,0.95,2,-3.532,0,0.0562,0.000172, 0.0046,0.251,0.586,100.004,218572,4,Angry
0.527,0.949,6,-4.516,1,0.13,0.00000472, 0.00314,0.144,0.322,140.186,208667,4,Angry
0.399,0.963,2,-3.28,0,0.122,0.000244, 0.00000516,0.279,0.294,148.892,230091,4,Angry
0.439,0.915,2,-7.078,0,0.0745,0.000184, 0.000899,0.326,0.34,91.993,265435,4,Angry
0.519,0.971,7,-3.403,1,0.0977,0.00424, 0.00000626,0.651,0.49,138.059,271933,4,Angry
0.431,0.908,11,-3.732,0,0.0388,0.00466, 0,0.0693,0.317,172.164,204787,4,Angry
0.476,0.936,0,-4.906,0,0.0645,0.0000257, 0.000729,0.255,0.385,141.959,221747,4,Angry
0.425,0.96,2,-4.61,0,0.0561,0.0000104, 0.00000141,0.158,0.45,149.938,200133,4,Angry
0.328,0.635,4,-6.772,1,0.0786,0.002, 0.0000184,0.108,0.0484,74.965,262689,4,Angry
0.505,0.927,2,-6.16,1,0.0467,0.0000473, 0.0133,0.0745,0.471,134.057,296040,4,Angry
0.485,0.898,4,-3.75,1,0.0568,0.000776, 0.00244,0.642,0.494,99.983,198680,4,Angry
0.366,0.949,5,-3.676,0,0.185,0.000998, 0.0000134,0.0818,0.321,184.91,187293,4,Angry
0.419,0.96,7,-4.417,1,0.0718,0.000572, 0,0.366,0.191,104.857,245640,3,Angry
0.47,0.889,6,-3.879,1,0.0747,0.00442, 0.00000247,0.379,0.295,164.111,199680,4,Angry
0.212,0.924,7,-3.349,0,0.135,0.000729, 0.00000223,0.0831,0.244,162.128,348387,4,Angry
0.648,0.83,1,-5.71,1,0.0722,0.00161, 0.06,0.12,0.276,115.089,254760,4,Angry
0.546,0.959,8,-4.664,1,0.082,0.00018, 0.00144,0.0584,0.416,127.831,207213,4,Angry
0.421,0.867,1,-3.583,1,0.0384,0.000673, 0.000104,0.0874,0.169,142.011,209267,4,Angry
0.615,0.949,8,-3.52,1,0.0549,0.00131, 0.00000304,0.0585,0.586,131.985,193893,4,Angry
0.351,0.869,5,-4.035,0,0.0509,0.00014, 0.000206,0.0886,0.355,182.811,218467,4,Angry
0.398,0.381,11,-11.292,1,0.033,0.527, 0.704,0.137,0.0462,55.483,200286,4,Chill
0.529,0.396,0,-15.205,1,0.029,0.654, 0.891,0.0998,0.0483,127.969,251250,4,Chill
0.454,0.19,0,-18.005,1,0.0365,0.929, 0.933,0.36,0.0735,130.06,268630,4,Chill
0.554,0.304,6,-12.219,1,0.0291,0.83, 0.648,0.157,0.088,130.214,302779,3,Chill
0.581,0.529,11,-10.564,0,0.0303,0.403, 0.504,0.108,0.33,141.962,211304,4,Chill
0.302,0.418,10,-11.943,0,0.0513,0.545, 0.941,0.137,0.0391,89.956,267347,4,Chill
0.459,0.555,5,-6.933,0,0.0317,0.0231, 0.806,0.291,0.108,140.005,196080,4,Chill
0.244,0.327,9,-12.903,0,0.0334,0.924, 0.814,0.134,0.123,130.002,321245,4,Chill
0.379,0.686,9,-8.313,0,0.0333,0.332, 0.805,0.127,0.238,82.015,247101,4,Chill
0.43,0.724,0,-7.004,1,0.0324,0.6, 0.866,0.226,0.17,140.002,226294,4,Chill
0.495,0.293,10,-14.491,1,0.0433,0.0449, 0.154,0.36,0.0572,119.877,304010,4,Chill
0.505,0.376,7,-15.031,1,0.0347,0.0148, 0.907,0.123,0.0369,139.968,248571,4,Chill
0.581,0.529,11,-10.564,0,0.0303,0.403, 0.504,0.108,0.33,141.962,211304,4,Chill
0.554,0.304,6,-12.219,1,0.0291,0.83, 0.648,0.157,0.088,130.214,302779,3,Chill
0.677,0.155,2,-14.575,1,0.0291,0.918, 0.0163,0.0792,0.21,129.97,269505,3,Chill
0.687,0.571,5,-9.36,0,0.126,0.0141, 0.41,0.0985,0.2,75.055,180098,4,Chill
0.575,0.583,11,-8.146,1,0.0789,0.0513, 0.0000195,0.101,0.064,120.093,250000,4,Chill
0.244,0.327,9,-12.903,0,0.0334,0.924, 0.814,0.134,0.123,130.002,321245,4,Chill
0.473,0.841,8,-5.357,0,0.0373,0.000306, 0.861,0.168,0.0404,173.004,257042,4,Chill
0.433,0.668,6,-7.773,0,0.0296,0.0067, 0.294,0.262,0.078,140.037,270866,4,Chill
0.454,0.19,0,-18.005,1,0.0365,0.929, 0.933,0.36,0.0735,130.06,268630,4,Chill
0.398,0.633,0,-7.035,1,0.0411,0.0016, 0.471,0.22,0.0392,130.028,216010,4,Chill
0.445,0.48,9,-8.677,0,0.0556,0.247, 0.00202,0.0495,0.194,119.971,205010,4,Chill
0.378,0.533,1,-7.858,0,0.036,0.354, 0.394,0.104,0.141,130.279,299077,4,Chill
0.492,0.763,0,-5.946,1,0.0383,0.336, 0.83,0.198,0.0662,178.075,273544,4,Chill
0.447,0.408,7,-14.499,1,0.0327,0.693, 0.863,0.0846,0.0317,99.97,213626,4,Chill
0.422,0.157,9,-16.756,0,0.0444,0.798, 0.0000218,0.15,0.0944,129.926,243692,4,Chill
0.506,0.302,2,-14.416,1,0.0312,0.504, 0.655,0.114,0.157,149.965,235159,3,Chill
0.283,0.229,3,-23.016,0,0.0479,0.919, 0.756,0.338,0.0525,75.088,409627,4,Chill
0.557,0.318,6,-12.077,1,0.0305,0.0578, 0.0317,0.13,0.11,139.978,271714,4,Chill
0.495,0.293,10,-14.491,1,0.0433,0.0449, 0.154,0.36,0.0572,119.877,304010,4,Chill
0.379,0.686,9,-8.313,0,0.0333,0.332, 0.805,0.127,0.238,82.015,247101,4,Chill
0.557,0.318,6,-12.077,1,0.0305,0.0578, 0.0317,0.13,0.11,139.978,271714,4,Chill
0.505,0.376,7,-15.031,1,0.0347,0.0148, 0.907,0.123,0.0369,139.968,248571,4,Chill
0.784,0.658,1,-6.681,0,0.0545,0.168, 0.00000765,0.0801,0.88,95.982,217519,4,Chill
0.656,0.821,7,-9.146,1,0.116,0.00176, 0.759,0.21,0.0859,140.046,221357,4,Chill
0.607,0.351,2,-11.267,1,0.0338,0.0684, 0.0176,0.0902,0.123,120.021,224577,4,Chill
0.341,0.392,11,-14.965,0,0.0553,0.00331, 0.799,0.736,0.0302,135.052,341405,4,Chill
0.589,0.211,2,-17.308,0,0.0303,0.852, 0.88,0.117,0.0782,125.993,247180,4,Chill
0.435,0.305,6,-18.367,0,0.0475,0.618, 0.815,0.243,0.0382,139.96,267433,4,Chill
0.591,0.365,5,-12.594,0,0.0372,0.193, 0.731,0.104,0.0372,116.012,275009,4,Chill
0.403,0.26,9,-18.341,0,0.0356,0.839, 0.611,0.153,0.0457,109.839,253102,4,Chill
0.289,0.29,7,-15.346,1,0.0373,0.411, 0.726,0.359,0.0385,75.992,249606,3,Chill
0.264,0.184,7,-21.562,0,0.0357,0.94, 0.958,0.123,0.032,108.615,401477,3,Chill
0.411,0.925,2,-2.882,0,0.0399,0.000354, 0.156,0.0931,0.0783,175.045,316629,4,Chill
0.656,0.821,7,-9.146,1,0.116,0.00176, 0.759,0.21,0.0859,140.046,221357,4,Chill
0.478,0.62,2,-6.801,1,0.036,0.000382, 0.834,0.095,0.0377,174.053,303455,4,Chill
0.745,0.692,1,-5.231,0,0.0356,0.0394, 0,0.0819,0.361,100.031,206412,4,Chill
0.335,0.888,0,-5.395,0,0.0887,0.14, 0.604,0.171,0.149,139.77,252590,4,Chill
0.397,0.734,8,-6.677,0,0.062,0.129, 0.234,0.174,0.264,75.058,218625,4,Chill
0.753,0.609,5,-9.249,0,0.0418,0.716, 0.0386,0.112,0.0694,104.963,186000,4,Chill
0.652,0.581,9,-8.511,1,0.0353,0.337, 0.000101,0.0857,0.456,139.982,228004,4,Chill
0.477,0.654,0,-8.991,1,0.0536,0.0926, 0.000915,0.111,0.0952,174.947,253079,4,Chill
0.572,0.951,11,-3.327,0,0.0422,0.207, 0.0887,0.115,0.479,150.021,201612,4,Chill
0.254,0.519,2,-9.049,0,0.0634,0.0992, 0.0229,0.0541,0.0794,109.995,273180,4,Chill
0.741,0.808,6,-4.434,0,0.0439,0.00911, 0.0000146,0.609,0.415,99.984,184812,4,Chill
0.491,0.887,4,-4.563,0,0.0545,0.000548, 0.00414,0.632,0.29,74.901,201600,4,Chill
0.705,0.588,4,-8.665,1,0.14,0.413, 0.000919,0.16,0.315,112.024,280640,4,Chill
0.455,0.505,9,-6.838,1,0.0276,0.0377, 0.452,0.296,0.056,87.972,237287,4,Chill
0.449,0.764,6,-6.06,0,0.176,0.403, 0,0.309,0.228,124.445,205364,4,Chill
0.485,0.673,9,-6.04,1,0.0409,0.167, 0.0229,0.181,0.0746,139.996,233143,4,Chill
0.55,0.396,8,-12.643,0,0.0332,0.915, 0.648,0.265,0.234,92.994,190387,4,Chill
0.598,0.517,3,-9.468,0,0.0332,0.28, 0.636,0.115,0.167,145.053,220160,4,Chill
0.579,0.724,1,-7.907,1,0.0547,0.028, 0.00306,0.202,0.13,105.009,260435,4,Chill
0.465,0.467,6,-11.807,1,0.0452,0.247, 0.315,0.241,0.159,75.072,249555,4,Chill
0.62,0.555,2,-9.334,1,0.0253,0.48, 0.726,0.0636,0.273,107.994,224470,4,Chill
0.491,0.626,4,-5.036,0,0.0361,0.678, 0.0616,0.115,0.139,159.994,204062,4,Chill
0.314,0.368,0,-11.766,1,0.0341,0.155, 0.788,0.162,0.0361,106.45,281325,4,Chill
0.589,0.0693,10,-22.313,0,0.0339,0.546, 0.774,0.124,0.337,128.091,217969,4,Chill
0.259,0.3,4,-14.459,0,0.0328,0.876, 0.198,0.323,0.038,129.823,273240,4,Chill
0.487,0.756,11,-6.409,1,0.0293,0.565, 0.88,0.103,0.239,135.98,255922,4,Chill
0.448,0.424,9,-9.885,1,0.0284,0.371, 0.0193,0.0712,0.062,124.968,261192,4,Chill
0.518,0.584,3,-7.951,0,0.032,0.0134, 0.0215,0.0964,0.182,139.936,363433,4,Chill
0.535,0.917,8,-8.946,0,0.0598,0.00102, 0.903,0.107,0.629,139.951,315234,4,Chill
0.642,0.756,9,-5.526,0,0.0617,0.305, 0.252,0.0825,0.525,120.016,264040,4,Chill
0.541,0.586,9,-10.596,1,0.0283,0.184, 0.681,0.128,0.198,138.014,356091,4,Chill
0.537,0.596,5,-8.481,0,0.0343,0.276, 0.77,0.358,0.109,140.026,375433,4,Chill
0.392,0.722,7,-5.033,1,0.0449,0.0831, 0.0674,0.174,0.0637,101.497,314667,3,Chill
0.499,0.642,9,-6.491,0,0.0442,0.0151, 0.0474,0.361,0.12,136.14,288257,4,Chill
0.385,0.975,5,-3.808,1,0.032,0.00193, 0.708,0.0781,0.323,170.026,326121,4,Chill
0.469,0.675,5,-8.665,1,0.0397,0.00203, 0.904,0.57,0.0849,178.005,287195,4,Chill
0.616,0.828,8,-3.734,0,0.0979,0.00468, 0.304,0.0591,0.231,175.008,429714,4,Chill
0.248,0.689,8,-5.609,0,0.033,0.0029, 0.486,0.153,0.279,85.976,286140,4,Chill
0.524,0.703,0,-7.035,0,0.055,0.00165, 0.0884,0.212,0.19,140.022,310000,4,Chill
0.686,0.718,5,-7.693,0,0.0886,0.648, 0.0486,0.0786,0.217,140.014,227165,4,Chill
0.641,0.913,10,-6.548,0,0.0346,0.0402, 0.00000443,0.116,0.336,139.978,278147,4,Chill
0.421,0.507,6,-10.16,0,0.0312,0.00557, 0.858,0.148,0.135,167.976,197213,4,Chill
0.736,0.759,9,-7.066,1,0.0347,0.0573, 0.207,0.0778,0.485,128.039,170059,4,Chill
0.218,0.735,11,-10.416,1,0.0487,0.0137, 0.894,0.0848,0.0432,178.009,280453,4,Chill
0.483,0.923,7,-4.477,1,0.0475,0.00809, 0.0000406,0.0929,0.0798,176.001,221625,4,Chill
0.681,0.754,5,-5.328,0,0.0329,0.00054, 0.00664,0.343,0.481,128.007,382510,4,Chill
0.617,0.498,6,-7.015,0,0.0285,0.00368, 0.79,0.116,0.0387,140.034,419783,4,Chill
0.392,0.472,1,-8.568,0,0.0372,0.00177, 0.455,0.13,0.0721,140.205,283273,4,Chill
0.279,0.49,9,-10.134,1,0.0505,0.00568, 0.27,0.0713,0.0371,173.953,360757,5,Chill
0.546,0.238,5,-18.202,1,0.0375,0.51, 0.847,0.114,0.228,128.185,189385,4,Chill
0.463,0.927,5,-3.925,1,0.0662,0.00076, 0.0045,0.307,0.51,174.964,302000,4,Chill
0.574,0.886,7,-4.97,1,0.0343,0.0736, 0.958,0.13,0.307,139.96,224831,4,Chill
0.33,0.632,8,-5.117,1,0.0315,0.00246, 0.155,0.0855,0.0393,140,258000,4,Chill
0.625,0.829,0,-7.244,0,0.0494,0.0155, 0.00000199,0.401,0.395,140.133,298290,4,Chill
0.484,0.564,4,-11.452,0,0.0333,0.935, 0.638,0.358,0.0395,136.067,251760,4,Chill
0.596,0.869,10,-11.97,1,0.037,0.0116, 0.173,0.0678,0.944,109.902,238733,4,Happy
0.578,0.866,1,-3.804,1,0.0619,0.00701, 0,0.257,0.619,128.038,199080,4,Happy
0.321,0.462,8,-10.711,1,0.0346,0.0961, 0,0.102,0.457,116.782,308600,4,Happy
0.784,0.882,5,-3.646,1,0.0451,0.0377, 0,0.65,0.699,120.017,189870,4,Happy
0.672,0.901,2,-2.415,1,0.0353,0.0545, 0.000285,0.0792,0.507,99.989,194000,4,Happy
0.652,0.757,1,-6.819,1,0.153,0.286, 0,0.0886,0.962,159.911,233305,4,Happy
0.894,0.642,1,-11.854,1,0.0589,0.13, 0.028,0.0833,0.898,121.654,298867,4,Happy
0.388,0.327,5,-12.522,1,0.0317,0.732, 0.00103,0.15,0.222,107.894,140333,3,Happy
0.606,0.864,11,-7.504,0,0.0919,0.117, 0,0.366,0.579,103.834,278960,4,Happy
0.575,0.765,9,-6.608,1,0.0345,0.00703, 0,0.331,0.407,98.037,205773,4,Happy
0.491,0.802,4,-7.106,1,0.0392,0.25, 0,0.387,0.472,119.25,248907,4,Happy
0.484,0.961,5,-0.67,1,0.158,0.00121, 0.00000715,0.099,0.839,171.954,193840,4,Happy
0.799,0.662,7,-8.585,1,0.0347,0.00482, 0.000505,0.0484,0.717,120.082,196000,4,Happy
0.669,0.616,11,-10.776,0,0.033,0.482, 0,0.179,0.818,130.037,151667,4,Happy
0.667,0.83,0,-5.715,1,0.0749,0.0123, 0,0.191,0.701,113.03,236002,4,Happy
0.404,0.333,0,-16.846,1,0.113,0.655, 0.0000211,0.142,0.717,78.666,213733,4,Happy
0.697,0.938,7,-2.796,0,0.0319,0.00167, 0.000285,0.281,0.829,119.997,223627,4,Happy
0.503,0.772,0,-6.205,1,0.0322,0.595, 0.00000247,0.199,0.935,79.462,165613,4,Happy
0.537,0.921,2,-6.474,1,0.0481,0.0144, 0.00479,0.382,0.467,136.264,248067,4,Happy
0.87,0.515,4,-5.127,1,0.0433,0.206, 0,0.109,0.783,131.777,218707,4,Happy
0.525,0.131,11,-15.937,1,0.0281,0.623, 0.000145,0.254,0.616,63.071,203573,4,Happy
0.546,0.879,9,-6.397,1,0.0441,0.42, 0.00188,0.775,0.783,100.819,230693,4,Happy
0.681,0.163,11,-22.597,1,0.165,0.881, 0.0000762,0.0688,0.771,69.284,292400,4,Happy
0.541,0.812,4,-3.764,1,0.0336,0.203, 0,0.42,0.607,141.056,201627,4,Happy
0.79,0.68,7,-7.807,1,0.153,0.0313, 0,0.194,0.813,100.442,196240,4,Happy
0.561,0.441,2,-10.201,1,0.0284,0.337, 0.0000153,0.0568,0.843,133.891,177227,4,Happy
0.467,0.87,9,-5.499,1,0.0704,0.0433, 0,0.588,0.384,99.502,197360,4,Happy
0.378,0.349,10,-12.918,1,0.0455,0.817, 0,0.0999,0.663,184.428,179173,4,Happy
0.684,0.253,2,-13.561,1,0.0341,0.985, 0.0317,0.118,0.521,102.94,237867,4,Happy
0.557,0.54,9,-10.484,1,0.0347,0.0339, 0.00248,0.179,0.394,129.171,185733,4,Happy
0.671,0.153,0,-13.569,1,0.0404,0.912, 0.0000553,0.0771,0.658,85.6,211933,4,Happy
0.776,0.763,5,-8.124,1,0.0535,0.182, 0.0065,0.077,0.82,128.433,280000,4,Happy
0.401,0.897,0,-8.016,1,0.0848,0.537, 0.00000144,0.065,0.943,166.703,106133,4,Happy
0.754,0.708,2,-7.92,1,0.0278,0.398, 0,0.129,0.965,122.471,168345,4,Happy
0.615,0.234,0,-11.8,1,0.0536,0.812, 0.00000584,0.161,0.412,75.188,257533,4,Happy
0.595,0.866,0,-3.483,1,0.196,0.0336, 0,0.101,0.707,88.731,220387,4,Happy
0.531,0.341,1,-10.433,1,0.0455,0.664, 0,0.272,0.548,132.261,152213,4,Happy
0.348,0.2,5,-13.727,0,0.0474,0.636, 0,0.124,0.421,169.821,111986,3,Happy
0.685,0.875,7,-5.217,1,0.056,0.0247, 0,0.0874,0.82,94.987,180320,4,Happy
0.767,0.862,6,-3.157,1,0.0799,0.448, 0,0.0806,0.767,125.997,201240,4,Happy
0.669,0.747,6,-7.108,1,0.0428,0.141, 0,0.185,0.483,122.531,242440,4,Happy
0.587,0.666,11,-6.25,1,0.0478,0.02, 0,0.079,0.325,104.893,196571,4,Happy
0.677,0.497,5,-5.763,1,0.0809,0.152, 0,0.0911,0.419,99.137,236853,4,Happy
0.763,0.839,0,-3.437,1,0.117,0.429, 0,0.109,0.655,104.977,212627,4,Happy
0.643,0.709,0,-4.343,1,0.0733,0.145, 0.000449,0.115,0.264,129.961,227088,4,Happy
0.737,0.729,5,-6.817,0,0.0354,0.127, 0.0000216,0.077,0.436,111.937,212564,4,Happy
0.668,0.465,11,-12.916,1,0.0568,0.0404, 0.0544,0.396,0.323,118.008,222839,4,Happy
0.642,0.7,8,-5.572,1,0.0489,0.0325, 0.00017,0.091,0.304,144.98,198845,4,Happy
0.775,0.597,5,-5.666,1,0.159,0.36, 0,0.156,0.537,122.069,184909,4,Happy
0.574,0.783,4,-5.625,0,0.0505,0.00246, 0.00000777,0.128,0.398,176.057,200606,4,Happy
0.628,0.797,11,-3.953,0,0.0596,0.0364, 0,0.104,0.321,106.93,215064,4,Happy
0.851,0.709,1,-5.157,0,0.0694,0.0736, 0.00137,0.12,0.42,116.467,235737,4,Happy
0.443,0.726,7,-3.745,1,0.167,0.416, 0,0.369,0.37,119.824,220000,4,Happy
0.405,0.846,6,-3.57,1,0.195,0.0948, 0,0.0666,0.602,82.232,248337,4,Happy
0.57,0.827,3,-1.933,1,0.0456,0.0311, 0,0.103,0.432,102.962,191200,4,Happy
0.603,0.744,0,-5.724,1,0.0458,0.279, 0.00000487,0.106,0.605,101.991,209660,4,Happy
0.816,0.79,4,-5.201,0,0.0588,0.0967, 0.000142,0.0981,0.702,100.024,211110,4,Happy
0.903,0.799,10,-7.254,0,0.137,0.32, 0.00126,0.0545,0.825,119,188159,4,Happy
0.595,0.662,11,-6.858,0,0.0362,0.0178, 0,0.0804,0.417,96.053,218447,4,Happy
0.654,0.796,2,-4.761,0,0.122,0.0188, 0,0.0948,0.491,108.854,178583,4,Happy
0.776,0.809,6,-5.726,0,0.069,0.415, 0,0.179,0.582,100.071,202520,4,Happy
0.706,0.897,8,-2.539,0,0.0349,0.012, 0.00000101,0.343,0.626,125.002,207291,4,Happy
0.631,0.775,1,-5.727,1,0.0535,0.611, 0.0000403,0.0911,0.504,100.928,202574,4,Happy
0.555,0.843,6,-4.165,0,0.193,0.00744, 0.0000283,0.215,0.492,110.076,189581,4,Happy
0.424,0.747,0,-4.644,0,0.219,0.182, 0.000013,0.146,0.524,195.491,198520,4,Happy
0.541,0.69,3,-5.391,1,0.206,0.0216, 0,0.257,0.681,180.239,182026,3,Happy
0.619,0.733,6,-6.699,1,0.138,0.0508, 0,0.215,0.493,97.023,202887,4,Happy
0.698,0.882,4,-3.078,0,0.0863,0.127, 0,0.15,0.445,106.083,200105,4,Happy
0.619,0.858,10,-5.28,1,0.0929,0.00791, 0,0.173,0.23,106.017,232627,4,Happy
0.572,0.845,5,-3.958,0,0.0316,0.175, 0,0.144,0.279,97.999,177441,4,Happy
0.741,0.667,10,-5.445,1,0.134,0.0575, 0,0.106,0.595,112.956,223504,4,Happy
0.611,0.644,6,-7.607,0,0.0553,0.124, 0,0.124,0.13,105.969,221904,4,Happy
0.699,0.765,11,-5.369,1,0.0611,0.0671, 0.0000024,0.105,0.375,102.035,211765,4,Happy
0.906,0.597,0,-2.566,1,0.0764,0.165, 0.00000294,0.0775,0.967,124.008,180500,4,Happy
0.682,0.576,7,-8.55,1,0.0883,0.492, 0.0399,0.0933,0.215,119.015,207600,4,Happy
0.569,0.789,11,-4.607,1,0.123,0.564, 0,0.294,0.603,160.014,198012,4,Happy
0.833,0.748,8,-5.496,0,0.034,0.392, 0.000758,0.0809,0.888,121.999,203586,4,Happy
0.758,0.779,8,-3.531,0,0.0433,0.326, 0,0.178,0.78,106.966,192880,4,Happy
0.681,0.93,5,-2.334,0,0.0612,0.14, 0,0.092,0.545,115.937,188172,4,Happy
0.745,0.717,5,-6.112,1,0.0603,0.00852, 0.00000173,0.238,0.7,111.094,196081,4,Happy
0.64,0.728,6,-4.07,0,0.034,0.00111, 0,0.084,0.282,125.966,197893,4,Happy
0.69,0.876,2,-4.159,1,0.059,0.0428, 0,0.147,0.493,123.994,192112,4,Happy
0.532,0.977,10,-2.761,0,0.0353,0.0208, 0,0.151,0.966,116.527,224549,4,Happy
0.753,0.705,7,-5.765,1,0.0761,0.0449, 0,0.16,0.737,119.993,179750,4,Happy
0.741,0.79,11,-4.086,0,0.0469,0.113, 0,0.0542,0.528,104.043,184134,4,Happy
0.759,0.724,0,-3.97,0,0.0448,0.0564, 0.000116,0.0632,0.432,91.99,201362,4,Happy
0.674,0.647,5,-6.105,1,0.0474,0.000395, 0.00203,0.0696,0.287,124.048,208138,4,Happy
0.745,0.746,9,-6.274,1,0.04,0.222, 0.0000294,0.0496,0.522,100.002,176187,4,Happy
0.707,0.629,0,-4.581,0,0.0563,0.259, 0.000016,0.138,0.457,122.863,212459,4,Happy
0.785,0.682,5,-5.94,1,0.137,0.00687, 0,0.634,0.345,105.16,215147,4,Happy
0.586,0.749,4,-4.101,0,0.0315,0.0448, 0,0.172,0.365,149.869,192987,4,Happy
0.781,0.765,8,-4.092,1,0.0385,0.534, 0,0.152,0.564,104.987,198286,4,Happy
0.791,0.779,7,-3.796,1,0.0409,0.0174, 0.0000765,0.222,0.845,135.059,176179,4,Happy
0.708,0.848,5,-4.898,0,0.111,0.0679, 0.00000606,0.131,0.645,103.929,169219,4,Happy
0.671,0.556,3,-6.835,0,0.0498,0.0778, 0.00000202,0.0696,0.305,95.031,166198,4,Happy
0.601,0.834,0,-3.78,1,0.0455,0.00502, 0.15,0.121,0.249,167.879,187761,4,Happy
0.87,0.502,5,-7.497,0,0.0549,0.549, 0.00356,0.0916,0.673,82.53,160597,4,Happy
0.623,0.654,0,-5.675,0,0.0372,0.0545, 0,0.0838,0.401,95.921,220291,4,Happy
0.567,0.714,6,-5.577,0,0.138,0.046, 0,0.0871,0.292,149.108,198142,4,Happy
